8,10
8,16
8,17
8,13
8,9
8,8
8,7
8,6
8,5
8,4
8,3
9,7
9,5
9,2
9,3
9,1
9,4
41,34
41,33
41,32
41,31
10,2
10,3
10,124
10,115
10,68
11,22
11,16
11,11
11,21
11,14
11,12
19,3
19,2
19,1
11,28
11,23
11,19
11,18
11,17
11,15
11,13
11,10
11,6
11,3
11,2
10,154
10,135
34,191
34,190
34,189
34,188
34,187
34,186
34,185
34,184
34,183
34,182
34,181
34,180
20,3
20,2
20,1
12,3
12,2
12,1
10,226
10,232
34,249
34,248
34,247
34,246
34,245
10,261
10,300
10,284
10,273
14,1
14,3
0,417
0,416
0,418
0,415
0,414
0,413
0,412
0,411
0,410
0,409
0,405
